	S1	S2	S3	S4	S5	S6	S7	S8	S9	S10
10000	0	0	1	0	1	1	NA	0	0	0
20000	0	0	1	0	1	1	0	0	0	0
30000	0	0	NA	0	1	1	0	0	0	0
40000	1	1	0	1	0	0	1	0	1	1
50000	0	0	1	0	1	1	0	1	0	NA
60000	0	0	1	0	1	1	0	1	0	0
70000	1	1	0	1	0	0	1	0	1	1
80000	0	0	1	0	1	1	NA	1	0	0
90000	1	1	0	1	0	0	1	0	1	1
100000	1	1	0	1	0	0	1	0	1	1
110000	1	1	1	1	0	0	1	0	1	1
120000	0	0	0	0	1	1	0	1	0	0
130000	0	0	1	0	1	1	0	1	1	0
140000	0	NA	1	0	1	1	0	1	1	0
150000	0	0	1	0	1	1	0	1	1	0
160000	1	1	0	1	0	0	1	0	0	1
170000	1	1	0	1	0	0	1	0	0	1
180000	0	0	1	0	1	1	0	1	1	0
200000	1	1	0	1	0	0	1	0	0	1
210000	1	1	0	1	0	0	1	0	0	1
220000	0	0	1	0	1	1	0	1	NA	0
230000	0	0	1	0	1	1	0	1	1	0
240000	0	NA	1	0	1	0	0	1	1	0
250000	1	1	0	1	0	1	1	0	0	NA
260000	1	1	0	1	0	1	1	0	0	1
270000	0	0	1	0	1	1	0	1	1	0
280000	1	1	0	NA	0	0	1	0	0	1
290000	0	0	1	0	1	1	0	1	1	0
300000	0	0	1	0	1	1	0	1	1	0
310000	1	1	0	1	0	0	1	0	0	1
320000	1	0	1	0	1	1	0	1	1	0
330000	0	1	0	1	0	NA	1	0	0	1
350000	1	1	0	1	0	0	1	0	0	1
360000	0	0	1	0	1	1	0	1	1	0
370000	1	1	0	1	0	0	1	0	0	1
390000	1	1	0	1	0	0	1	0	0	1
400000	0	0	1	0	1	1	0	1	1	0
410000	0	0	1	0	1	NA	0	1	1	0
420000	1	1	0	1	0	0	1	0	0	1
430000	0	0	1	0	NA	1	0	1	NA	0
440000	1	1	0	1	0	0	1	0	0	1
450000	0	0	1	0	1	1	0	1	1	0
460000	NA	0	1	0	1	1	0	1	1	NA
470000	1	1	0	0	0	0	1	0	0	1
480000	1	1	0	0	0	0	1	0	0	1
490000	1	1	0	0	0	0	1	0	0	1
500000	0	0	1	1	1	1	0	1	1	0
510000	0	0	1	0	1	1	0	1	1	0
520000	0	0	1	0	1	1	0	1	1	0
530000	0	NA	1	0	1	1	0	1	1	0
540000	1	1	0	1	0	0	1	0	0	1
550000	1	1	0	1	0	0	0	0	0	1
560000	0	0	1	0	1	1	1	1	1	0
580000	1	1	0	1	0	0	1	0	0	1
590000	0	0	1	0	1	1	0	1	1	0
600000	1	1	0	1	0	0	1	0	0	1
610000	0	0	1	0	1	1	0	1	1	0
620000	0	0	1	0	1	1	0	1	1	0
630000	NA	1	0	1	0	0	NA	0	0	1
640000	0	0	1	0	1	1	0	1	1	0
650000	1	1	0	1	0	0	1	0	0	1
660000	0	0	1	0	1	1	0	1	1	0
670000	0	0	1	0	1	1	0	1	1	NA
690000	0	0	NA	0	1	1	0	1	1	0
700000	1	1	0	1	0	0	1	0	0	1
710000	1	1	0	1	NA	0	1	0	0	1
720000	0	0	1	0	1	1	0	1	1	0
730000	0	0	1	0	1	1	0	1	1	0
740000	1	1	0	1	0	0	1	0	0	1
750000	0	0	1	0	1	1	0	1	1	0
770000	1	1	0	1	1	0	1	0	0	1
780000	1	1	0	1	0	0	1	0	0	1
790000	0	0	1	0	1	1	0	1	1	0
800000	1	1	0	1	0	0	1	0	0	1
810000	1	1	0	1	0	0	1	0	0	1
820000	0	0	1	0	1	1	0	1	1	0
830000	0	0	NA	0	1	1	0	1	1	0
840000	1	1	0	1	0	0	1	0	0	1
850000	1	1	0	1	0	0	1	0	0	1
860000	1	1	0	1	0	0	1	0	0	1
870000	0	0	1	0	1	1	0	NA	1	0
880000	1	1	0	1	0	0	1	0	0	0
890000	0	0	1	0	1	1	0	1	1	1
900000	0	0	1	0	1	1	0	1	1	1
910000	0	0	1	0	1	1	0	1	1	0
920000	1	0	0	1	0	0	1	0	0	1
930000	0	1	1	0	1	1	0	1	1	0
940000	1	0	0	1	0	0	1	0	0	1
960000	1	0	0	1	0	0	1	0	0	1
970000	0	1	1	0	1	1	0	1	1	0
980000	1	0	0	NA	0	0	1	0	0	1
990000	1	0	0	1	0	0	1	0	0	1
